0.383502 -0.00803484 -0.00803484 0.00756753 -0.0374156 -0.134226 -0.134226 -0.0691329
-0.00803484 0.552499 -0.176667 0.0697027 -0.134226 -0.015417 -0.16125 -0.126607
-0.00803484 -0.176667 0.552499 0.0697027 -0.134226 -0.16125 -0.015417 -0.126607
0.00756753 0.0697027 0.0697027 0.353027 -0.0691329 -0.126607 -0.126607 -0.177653
-0.0374156 -0.134226 -0.134226 -0.0691329 0.383502 -0.00803484 -0.00803484 0.00756753
-0.134226 -0.015417 -0.16125 -0.126607 -0.00803484 0.552499 -0.176667 0.0697027
-0.134226 -0.16125 -0.015417 -0.126607 -0.00803484 -0.176667 0.552499 0.0697027
-0.0691329 -0.126607 -0.126607 -0.177653 0.00756753 0.0697027 0.0697027 0.353027

0.418593 -0.0806227 0.169377 -0.194848 -0.0198701 -0.13927 -0.0142697 -0.139091
-0.0806227 0.364157 -0.0525093 0.0189746 -0.13927 0.015412 -0.0679213 -0.058221
0.169377 -0.0525093 0.364157 -0.231025 -0.0142697 -0.0679213 0.015412 -0.183221
-0.194848 0.0189746 -0.231025 0.594399 -0.139091 -0.058221 -0.183221 0.193033
-0.0198701 -0.13927 -0.0142697 -0.139091 0.418593 -0.0806227 0.169377 -0.194848
-0.13927 0.015412 -0.0679213 -0.058221 -0.0806227 0.364157 -0.0525093 0.0189746
-0.0142697 -0.0679213 0.015412 -0.183221 0.169377 -0.0525093 0.364157 -0.231025
-0.139091 -0.058221 -0.183221 0.193033 -0.194848 0.0189746 -0.231025 0.594399

0.418593 0.169377 -0.0806227 -0.194848 -0.0198701 -0.0142697 -0.13927 -0.139091
0.169377 0.364157 -0.0525093 -0.231025 -0.0142697 0.015412 -0.0679213 -0.183221
-0.0806227 -0.0525093 0.364157 0.0189746 -0.13927 -0.0679213 0.015412 -0.058221
-0.194848 -0.231025 0.0189746 0.594399 -0.139091 -0.183221 -0.058221 0.193033
-0.0198701 -0.0142697 -0.13927 -0.139091 0.418593 0.169377 -0.0806227 -0.194848
-0.0142697 0.015412 -0.0679213 -0.183221 0.169377 0.364157 -0.0525093 -0.231025
-0.13927 -0.0679213 0.015412 -0.058221 -0.0806227 -0.0525093 0.364157 0.0189746
-0.139091 -0.183221 -0.058221 0.193033 -0.194848 -0.231025 0.0189746 0.594399

-1.90855 0.643804 0.643804 0.620942 -0.933442 0.316694 0.316694 0.300054
0.643804 -0.0906385 -0.194805 -0.29586 0.316694 -0.0869859 -0.107819 -0.184389
0.643804 -0.194805 -0.0906385 -0.29586 0.316694 -0.107819 -0.0869859 -0.184389
0.620942 -0.29586 -0.29586 0.0957792 0.300054 -0.184389 -0.184389 -0.0562771
-0.933442 0.316694 0.316694 0.300054 -1.90855 0.643804 0.643804 0.620942
0.316694 -0.0869859 -0.107819 -0.184389 0.643804 -0.0906385 -0.194805 -0.29586
0.316694 -0.107819 -0.0869859 -0.184389 0.643804 -0.194805 -0.0906385 -0.29586
0.300054 -0.184389 -0.184389 -0.0562771 0.620942 -0.29586 -0.29586 0.0957792

0.383502 -0.00803484 -0.00803484 0.00756753 -0.0374156 -0.134226 -0.134226 -0.0691329
-0.00803484 0.552499 -0.176667 0.0697027 -0.134226 -0.015417 -0.16125 -0.126607
-0.00803484 -0.176667 0.552499 0.0697027 -0.134226 -0.16125 -0.015417 -0.126607
0.00756753 0.0697027 0.0697027 0.353027 -0.0691329 -0.126607 -0.126607 -0.177653
-0.0374156 -0.134226 -0.134226 -0.0691329 0.383502 -0.00803484 -0.00803484 0.00756753
-0.134226 -0.015417 -0.16125 -0.126607 -0.00803484 0.552499 -0.176667 0.0697027
-0.134226 -0.16125 -0.015417 -0.126607 -0.00803484 -0.176667 0.552499 0.0697027
-0.0691329 -0.126607 -0.126607 -0.177653 0.00756753 0.0697027 0.0697027 0.353027

0.418593 -0.0806227 0.169377 -0.194848 -0.0198701 -0.13927 -0.0142697 -0.139091
-0.0806227 0.364157 -0.0525093 0.0189746 -0.13927 0.015412 -0.0679213 -0.058221
0.169377 -0.0525093 0.364157 -0.231025 -0.0142697 -0.0679213 0.015412 -0.183221
-0.194848 0.0189746 -0.231025 0.594399 -0.139091 -0.058221 -0.183221 0.193033
-0.0198701 -0.13927 -0.0142697 -0.139091 0.418593 -0.0806227 0.169377 -0.194848
-0.13927 0.015412 -0.0679213 -0.058221 -0.0806227 0.364157 -0.0525093 0.0189746
-0.0142697 -0.0679213 0.015412 -0.183221 0.169377 -0.0525093 0.364157 -0.231025
-0.139091 -0.058221 -0.183221 0.193033 -0.194848 0.0189746 -0.231025 0.594399

0.418593 0.169377 -0.0806227 -0.194848 -0.0198701 -0.0142697 -0.13927 -0.139091
0.169377 0.364157 -0.0525093 -0.231025 -0.0142697 0.015412 -0.0679213 -0.183221
-0.0806227 -0.0525093 0.364157 0.0189746 -0.13927 -0.0679213 0.015412 -0.058221
-0.194848 -0.231025 0.0189746 0.594399 -0.139091 -0.183221 -0.058221 0.193033
-0.0198701 -0.0142697 -0.13927 -0.139091 0.418593 0.169377 -0.0806227 -0.194848
-0.0142697 0.015412 -0.0679213 -0.183221 0.169377 0.364157 -0.0525093 -0.231025
-0.13927 -0.0679213 0.015412 -0.058221 -0.0806227 -0.0525093 0.364157 0.0189746
-0.139091 -0.183221 -0.058221 0.193033 -0.194848 -0.231025 0.0189746 0.594399

-1.90855 0.643804 0.643804 0.620942 -0.933442 0.316694 0.316694 0.300054
0.643804 -0.0906385 -0.194805 -0.29586 0.316694 -0.0869859 -0.107819 -0.184389
0.643804 -0.194805 -0.0906385 -0.29586 0.316694 -0.107819 -0.0869859 -0.184389
0.620942 -0.29586 -0.29586 0.0957792 0.300054 -0.184389 -0.184389 -0.0562771
-0.933442 0.316694 0.316694 0.300054 -1.90855 0.643804 0.643804 0.620942
0.316694 -0.0869859 -0.107819 -0.184389 0.643804 -0.0906385 -0.194805 -0.29586
0.316694 -0.107819 -0.0869859 -0.184389 0.643804 -0.194805 -0.0906385 -0.29586
0.300054 -0.184389 -0.184389 -0.0562771 0.620942 -0.29586 -0.29586 0.0957792