0.33919 -0.0142933 -0.0142933 -0.0870264 -0.0142933 -0.0870264 -0.0870264 -0.0352308
-0.0142933 0.42018 -0.129494 0.0090165 -0.129494 0.0090165 -0.12881 -0.0361215
-0.0142933 -0.129494 0.42018 0.0090165 -0.129494 -0.12881 0.0090165 -0.0361215
-0.0870264 0.0090165 0.0090165 0.560956 -0.12881 -0.176218 -0.176218 -0.0107169
-0.0142933 -0.129494 -0.129494 -0.12881 0.42018 0.0090165 0.0090165 -0.0361215
-0.0870264 0.0090165 -0.12881 -0.176218 0.0090165 0.560956 -0.176218 -0.0107169
-0.0870264 -0.12881 0.0090165 -0.176218 0.0090165 -0.176218 0.560956 -0.0107169
-0.0352308 -0.0361215 -0.0361215 -0.0107169 -0.0361215 -0.0107169 -0.0107169 0.175746

0.351153 -0.0328962 0.00962826 -0.126616 0.00962826 -0.126616 0.0183601 -0.102643
-0.0328962 0.336603 -0.101515 0.00558348 -0.101515 0.00558348 -0.0562988 -0.0555461
0.00962826 -0.101515 0.44826 -0.0446576 -0.10346 -0.117938 0.0822878 -0.172606
-0.126616 0.00558348 -0.0446576 0.408323 -0.117938 -0.0808972 -0.0931561 0.0493583
0.00962826 -0.101515 -0.10346 -0.117938 0.44826 -0.0446576 0.0822878 -0.172606
-0.126616 0.00558348 -0.117938 -0.0808972 -0.0446576 0.408323 -0.0931561 0.0493583
0.0183601 -0.0562988 0.0822878 -0.0931561 0.0822878 -0.0931561 0.268257 -0.208582
-0.102643 -0.0555461 -0.172606 0.0493583 -0.172606 0.0493583 -0.208582 0.613266

0.351153 0.00962826 -0.0328962 -0.126616 0.00962826 0.0183601 -0.126616 -0.102643
0.00962826 0.44826 -0.101515 -0.0446576 -0.10346 0.0822878 -0.117938 -0.172606
-0.0328962 -0.101515 0.336603 0.00558348 -0.101515 -0.0562988 0.00558348 -0.0555461
-0.126616 -0.0446576 0.00558348 0.408323 -0.117938 -0.0931561 -0.0808972 0.0493583
0.00962826 -0.10346 -0.101515 -0.117938 0.44826 0.0822878 -0.0446576 -0.172606
0.0183601 0.0822878 -0.0562988 -0.0931561 0.0822878 0.268257 -0.0931561 -0.208582
-0.126616 -0.117938 0.00558348 -0.0808972 -0.0446576 -0.0931561 0.408323 0.0493583
-0.102643 -0.172606 -0.0555461 0.0493583 -0.172606 -0.208582 0.0493583 0.613266

0.536219 -0.0589016 -0.0589016 -0.168822 0.332792 -0.185516 -0.185516 -0.211355
-0.0589016 0.309893 -0.0708235 -0.00634715 -0.0182383 0.00356769 -0.0532153 -0.105935
-0.0589016 -0.0708235 0.309893 -0.00634715 -0.0182383 -0.0532153 0.00356769 -0.105935
-0.168822 -0.00634715 -0.00634715 0.34852 -0.110662 -0.0471655 -0.0471655 0.0379893
0.332792 -0.0182383 -0.0182383 -0.110662 0.580872 -0.209772 -0.209772 -0.346982
-0.185516 0.00356769 -0.0532153 -0.0471655 -0.209772 0.359391 0.0411738 0.0915358
-0.185516 -0.0532153 0.00356769 -0.0471655 -0.209772 0.0411738 0.359391 0.0915358
-0.211355 -0.105935 -0.105935 0.0379893 -0.346982 0.0915358 0.0915358 0.549147

0.351153 0.00962826 0.00962826 0.0183601 -0.0328962 -0.126616 -0.126616 -0.102643
0.00962826 0.44826 -0.10346 0.0822878 -0.101515 -0.0446576 -0.117938 -0.172606
0.00962826 -0.10346 0.44826 0.0822878 -0.101515 -0.117938 -0.0446576 -0.172606
0.0183601 0.0822878 0.0822878 0.268257 -0.0562988 -0.0931561 -0.0931561 -0.208582
-0.0328962 -0.101515 -0.101515 -0.0562988 0.336603 0.00558348 0.00558348 -0.0555461
-0.126616 -0.0446576 -0.117938 -0.0931561 0.00558348 0.408323 -0.0808972 0.0493583
-0.126616 -0.117938 -0.0446576 -0.0931561 0.00558348 -0.0808972 0.408323 0.0493583
-0.102643 -0.172606 -0.172606 -0.208582 -0.0555461 0.0493583 0.0493583 0.613266

0.536219 -0.0589016 0.332792 -0.185516 -0.0589016 -0.168822 -0.185516 -0.211355
-0.0589016 0.309893 -0.0182383 0.00356769 -0.0708235 -0.00634715 -0.0532153 -0.105935
0.332792 -0.0182383 0.580872 -0.209772 -0.0182383 -0.110662 -0.209772 -0.346982
-0.185516 0.00356769 -0.209772 0.359391 -0.0532153 -0.0471655 0.0411738 0.0915358
-0.0589016 -0.0708235 -0.0182383 -0.0532153 0.309893 -0.00634715 0.00356769 -0.105935
-0.168822 -0.00634715 -0.110662 -0.0471655 -0.00634715 0.34852 -0.0471655 0.0379893
-0.185516 -0.0532153 -0.209772 0.0411738 0.00356769 -0.0471655 0.359391 0.0915358
-0.211355 -0.105935 -0.346982 0.0915358 -0.105935 0.0379893 0.0915358 0.549147

0.536219 0.332792 -0.0589016 -0.185516 -0.0589016 -0.185516 -0.168822 -0.211355
0.332792 0.580872 -0.0182383 -0.209772 -0.0182383 -0.209772 -0.110662 -0.346982
-0.0589016 -0.0182383 0.309893 0.00356769 -0.0708235 -0.0532153 -0.00634715 -0.105935
-0.185516 -0.209772 0.00356769 0.359391 -0.0532153 0.0411738 -0.0471655 0.0915358
-0.0589016 -0.0182383 -0.0708235 -0.0532153 0.309893 0.00356769 -0.00634715 -0.105935
-0.185516 -0.209772 -0.0532153 0.0411738 0.00356769 0.359391 -0.0471655 0.0915358
-0.168822 -0.110662 -0.00634715 -0.0471655 -0.00634715 -0.0471655 0.34852 0.0379893
-0.211355 -0.346982 -0.105935 0.0915358 -0.105935 0.0915358 0.0379893 0.549147

1.26232 0.091391 0.091391 -0.396968 0.091391 -0.396968 -0.396968 -0.345593
0.091391 0.215872 -0.00521241 -0.0638924 -0.00521241 -0.0638924 -0.0439259 -0.125127
0.091391 -0.00521241 0.215872 -0.0638924 -0.00521241 -0.0439259 -0.0638924 -0.125127
-0.396968 -0.0638924 -0.0638924 0.385681 -0.0439259 0.0435994 0.0435994 0.0957989
0.091391 -0.00521241 -0.00521241 -0.0439259 0.215872 -0.0638924 -0.0638924 -0.125127
-0.396968 -0.0638924 -0.0439259 0.0435994 -0.0638924 0.385681 0.0435994 0.0957989
-0.396968 -0.0439259 -0.0638924 0.0435994 -0.0638924 0.0435994 0.385681 0.0957989
-0.345593 -0.125127 -0.125127 0.0957989 -0.125127 0.0957989 0.0957989 0.433579