0 0 -1.15782e-13
1 0 -3.53519e-13
2 0 -7.22666e-13
3 0 -1.08283e-12
4 0 -1.36911e-12
5 0 -1.48894e-12
6 0 -1.39703e-12
7 0 -1.12543e-12
8 0 -7.61448e-13
9 0 -3.7596e-13
10 0 -1.23624e-13
0 1 -3.53519e-13
1 1 -0.135097
2 1 -0.278216
3 1 -0.433061
4 1 -0.562534
5 1 -0.620598
6 1 -0.576687
7 1 -0.453087
8 1 -0.29589
9 1 -0.144297
10 1 -3.79709e-13
0 2 -7.22666e-13
1 2 -0.278216
2 2 -0.557729
3 2 -0.893713
4 2 -1.26703
5 2 -1.4396
6 2 -1.31196
7 2 -0.953213
8 2 -0.594423
9 2 -0.300234
10 2 -7.81102e-13
0 3 -1.08283e-12
1 3 -0.433061
2 3 -0.893713
8 3 -0.973487
9 3 -0.472319
10 3 -1.17952e-12
0 4 -1.36911e-12
1 4 -0.562534
2 4 -1.26703
8 4 -1.40536
9 4 -0.619133
10 4 -1.50014e-12
0 5 -1.48894e-12
1 5 -0.620598
2 5 -1.4396
8 5 -1.60991
9 5 -0.685656
10 5 -1.63567e-12
0 6 -1.39703e-12
1 6 -0.576687
2 6 -1.31196
8 6 -1.45947
9 6 -0.635732
10 6 -1.5327e-12
0 7 -1.12543e-12
1 7 -0.453087
2 7 -0.953213
8 7 -1.04305
9 7 -0.495752
10 7 -1.22893e-12
0 8 -7.61448e-13
1 8 -0.29589
2 8 -0.594423
3 8 -0.973487
4 8 -1.40536
5 8 -1.60991
6 8 -1.45947
7 8 -1.04305
8 8 -0.637606
9 8 -0.320625
10 8 -8.25876e-13
0 9 -3.7596e-13
1 9 -0.144297
2 9 -0.300234
3 9 -0.472319
4 9 -0.619133
5 9 -0.685656
6 9 -0.635732
7 9 -0.495752
8 9 -0.320625
9 9 -0.154861
10 9 -4.05443e-13
0 10 -1.23624e-13
1 10 -3.79709e-13
2 10 -7.81102e-13
3 10 -1.17952e-12
4 10 -1.50014e-12
5 10 -1.63567e-12
6 10 -1.5327e-12
7 10 -1.22893e-12
8 10 -8.25876e-13
9 10 -4.05443e-13
10 10 -1.32594e-13
4.74645 4.74645 -10.7576
3.64787 3.64787 -2.49831
4.81958 4.68604 -11.0575
4.09175 3.61162 -3.28496
4.9328 4.62879 -11.4798
4.55968 3.57727 -3.84072
5.08388 4.60026 -11.7368
5.05033 3.56016 -4.07924
5.23941 4.61983 -11.5682
5.54364 3.5719 -3.90744
5.36128 4.6737 -11.1646
6.01677 3.60422 -3.38606
5.44158 4.73486 -10.8477
6.46495 3.64092 -2.60846
5.50497 4.80675 -11.1552
6.50298 4.08405 -3.4649
5.5675 4.92267 -11.6198
6.5405 4.5536 -4.08826
5.5997 5.08277 -11.9167
6.55982 5.04966 -4.36578
5.57753 5.2482 -11.7226
6.54652 5.54892 -4.16738
5.51823 5.37401 -11.276
6.51094 6.02441 -3.5796
5.45355 5.45355 -10.9496
6.47213 6.47213 -2.72804
5.37401 5.51823 -11.276
6.02441 6.51094 -3.5796
5.2482 5.57753 -11.7226
5.54892 6.54652 -4.16738
5.08277 5.5997 -11.9167
5.04966 6.55982 -4.36578
4.92267 5.5675 -11.6198
4.5536 6.5405 -4.08826
4.80675 5.50497 -11.1552
4.08405 6.50298 -3.4649
4.73486 5.44158 -10.8477
3.64092 6.46495 -2.60846
4.6737 5.36128 -11.1646
3.60422 6.01677 -3.38606
4.61983 5.23941 -11.5682
3.5719 5.54364 -3.90744
4.60026 5.08388 -11.7368
3.56016 5.05033 -4.07924
4.62879 4.9328 -11.4798
3.57727 4.55968 -3.84072
4.68604 4.81958 -11.0575
3.61162 4.09175 -3.28496
